!RBIX
9595534255132031488
x
M
1
n
n
x
10
__script__
i
28
99
7
0
65
49
1
2
13
99
12
7
2
12
7
3
12
65
12
49
4
4
15
49
2
0
15
2
11
I
6
I
0
I
0
I
0
n
p
5
x
6
Mysql2
x
11
open_module
x
15
__module_init__
M
1
n
n
x
6
Mysql2
i
29
5
66
99
7
0
1
65
49
1
3
13
99
12
7
2
12
7
3
12
65
12
49
4
4
15
49
2
0
11
I
6
I
0
I
0
I
0
n
p
5
x
6
Client
x
10
open_class
x
14
__class_init__
M
1
n
n
x
6
Client
i
5083
5
66
5
7
0
47
49
1
1
15
5
7
2
44
43
3
4
9
49
4
1
13
7
5
7
6
49
7
2
15
13
7
8
3
49
7
2
15
13
7
9
3
49
7
2
15
13
7
10
3
49
7
2
15
13
7
11
7
12
49
7
2
15
13
7
13
1
49
7
2
15
13
7
14
2
49
7
2
15
13
7
15
45
16
17
45
18
19
49
20
1
45
21
22
49
20
1
45
23
24
49
20
1
45
25
26
49
20
1
45
27
28
49
20
1
49
7
2
15
13
7
29
2
49
7
2
15
49
30
2
15
99
7
31
7
32
65
67
49
33
0
49
34
4
15
99
7
35
7
36
65
5
49
37
4
15
26
93
0
15
29
171
0
7
38
98
39
1
30
8
177
25
92
0
27
8
182
15
7
40
8
183
1
9
5066
65
7
41
44
43
3
4
36
49
4
1
13
7
42
64
1
49
7
2
15
13
7
43
64
45
38
44
43
45
49
7
2
15
13
7
46
64
45
38
47
43
48
49
7
2
15
13
7
49
64
45
38
50
43
51
49
7
2
15
13
7
52
64
45
38
53
43
54
49
7
2
15
13
7
55
64
45
38
56
43
57
49
7
2
15
13
7
58
64
45
38
59
43
60
49
7
2
15
13
7
61
64
45
38
62
43
63
49
7
2
15
13
7
64
64
45
38
65
43
66
49
7
2
15
13
7
67
64
45
38
68
43
69
49
7
2
15
13
7
70
64
45
38
71
43
72
49
7
2
15
13
7
73
64
45
38
74
43
75
49
7
2
15
13
7
76
64
1
49
7
2
15
13
7
77
64
45
38
78
43
79
49
7
2
15
13
7
80
64
45
38
81
43
82
49
7
2
15
13
7
83
64
45
38
84
43
85
49
7
2
15
13
7
86
64
45
38
87
43
88
49
7
2
15
13
7
89
64
1
49
7
2
15
13
7
90
64
45
38
91
43
92
49
7
2
15
13
7
93
64
45
38
94
43
95
49
7
2
15
13
7
96
64
1
49
7
2
15
13
7
97
64
1
49
7
2
15
13
7
98
64
45
38
99
43
100
49
7
2
15
13
7
101
64
45
38
102
43
103
49
7
2
15
13
7
104
64
45
38
105
43
106
49
7
2
15
13
7
107
64
45
38
108
43
109
49
7
2
15
13
7
110
64
45
38
111
43
112
49
7
2
15
13
7
113
64
45
38
114
43
115
49
7
2
15
13
7
116
64
45
38
117
43
118
49
7
2
15
13
7
119
64
45
38
120
43
121
49
7
2
15
13
7
122
64
45
38
123
43
124
49
7
2
15
13
7
125
64
1
49
7
2
15
13
7
126
64
45
38
127
43
128
49
7
2
15
13
7
129
64
45
38
130
43
131
49
7
2
15
13
7
132
64
45
38
133
43
79
49
7
2
15
13
7
134
64
45
38
135
43
136
49
7
2
15
49
137
2
15
65
7
138
44
43
3
4
129
49
4
1
13
79
44
43
3
80
49
4
1
13
7
139
7
46
64
49
7
2
15
13
7
140
7
141
64
49
7
2
15
49
7
2
15
13
80
44
43
3
80
49
4
1
13
7
139
7
107
64
49
7
2
15
13
7
140
7
142
64
49
7
2
15
49
7
2
15
13
4
3
44
43
3
80
49
4
1
13
7
139
7
76
64
49
7
2
15
13
7
140
7
143
64
49
7
2
15
49
7
2
15
13
4
4
44
43
3
80
49
4
1
13
7
139
7
64
64
49
7
2
15
13
7
140
7
144
64
49
7
2
15
49
7
2
15
13
4
5
44
43
3
80
49
4
1
13
7
139
7
104
64
49
7
2
15
13
7
140
7
145
64
49
7
2
15
49
7
2
15
13
4
6
44
43
3
80
49
4
1
13
7
139
7
96
64
49
7
2
15
13
7
140
7
146
64
49
7
2
15
49
7
2
15
13
4
7
44
43
3
80
49
4
1
13
7
139
7
98
64
49
7
2
15
13
7
140
7
147
64
49
7
2
15
49
7
2
15
13
4
8
44
43
3
80
49
4
1
13
7
139
7
104
64
49
7
2
15
13
7
140
7
148
64
49
7
2
15
49
7
2
15
13
4
9
44
43
3
80
49
4
1
13
7
139
7
107
64
49
7
2
15
13
7
140
7
149
64
49
7
2
15
49
7
2
15
13
4
10
44
43
3
80
49
4
1
13
7
139
7
125
64
49
7
2
15
13
7
140
7
150
64
49
7
2
15
49
7
2
15
13
4
11
44
43
3
80
49
4
1
13
7
139
7
43
64
49
7
2
15
13
7
140
7
151
64
49
7
2
15
49
7
2
15
13
4
12
44
43
3
80
49
4
1
13
7
139
7
132
64
49
7
2
15
13
7
140
7
152
64
49
7
2
15
49
7
2
15
13
4
13
44
43
3
80
49
4
1
13
7
139
7
122
64
49
7
2
15
13
7
140
7
153
64
49
7
2
15
49
7
2
15
13
4
14
44
43
3
80
49
4
1
13
7
139
7
55
64
49
7
2
15
13
7
140
7
154
64
49
7
2
15
49
7
2
15
13
4
15
44
43
3
80
49
4
1
13
7
139
7
104
64
49
7
2
15
13
7
140
7
155
64
49
7
2
15
49
7
2
15
13
4
16
44
43
3
80
49
4
1
13
7
139
7
93
64
49
7
2
15
13
7
140
7
156
64
49
7
2
15
49
7
2
15
13
4
17
44
43
3
80
49
4
1
13
7
139
7
157
64
49
7
2
15
13
7
140
7
157
64
49
7
2
15
49
7
2
15
13
4
18
44
43
3
80
49
4
1
13
7
139
7
126
64
49
7
2
15
13
7
140
7
158
64
49
7
2
15
49
7
2
15
13
4
19
44
43
3
80
49
4
1
13
7
139
7
80
64
49
7
2
15
13
7
140
7
159
64
49
7
2
15
49
7
2
15
13
4
20
44
43
3
80
49
4
1
13
7
139
7
113
64
49
7
2
15
13
7
140
7
160
64
49
7
2
15
49
7
2
15
13
4
21
44
43
3
80
49
4
1
13
7
139
7
107
64
49
7
2
15
13
7
140
7
161
64
49
7
2
15
49
7
2
15
13
4
22
44
43
3
80
49
4
1
13
7
139
7
101
64
49
7
2
15
13
7
140
7
162
64
49
7
2
15
49
7
2
15
13
4
23
44
43
3
80
49
4
1
13
7
139
7
55
64
49
7
2
15
13
7
140
7
163
64
49
7
2
15
49
7
2
15
13
4
24
44
43
3
80
49
4
1
13
7
139
7
83
64
49
7
2
15
13
7
140
7
164
64
49
7
2
15
49
7
2
15
13
4
25
44
43
3
80
49
4
1
13
7
139
7
90
64
49
7
2
15
13
7
140
7
165
64
49
7
2
15
49
7
2
15
13
4
26
44
43
3
80
49
4
1
13
7
139
7
52
64
49
7
2
15
13
7
140
7
166
64
49
7
2
15
49
7
2
15
13
4
27
44
43
3
80
49
4
1
13
7
139
7
107
64
49
7
2
15
13
7
140
7
167
64
49
7
2
15
49
7
2
15
13
4
28
44
43
3
80
49
4
1
13
7
139
7
86
64
49
7
2
15
13
7
140
7
168
64
49
7
2
15
49
7
2
15
13
4
29
44
43
3
80
49
4
1
13
7
139
7
61
64
49
7
2
15
13
7
140
7
169
64
49
7
2
15
49
7
2
15
13
4
30
44
43
3
80
49
4
1
13
7
139
7
110
64
49
7
2
15
13
7
140
7
170
64
49
7
2
15
49
7
2
15
13
4
31
44
43
3
80
49
4
1
13
7
139
7
104
64
49
7
2
15
13
7
140
7
171
64
49
7
2
15
49
7
2
15
13
4
32
44
43
3
80
49
4
1
13
7
139
7
42
64
49
7
2
15
13
7
140
7
172
64
49
7
2
15
49
7
2
15
13
4
33
44
43
3
80
49
4
1
13
7
139
7
134
64
49
7
2
15
13
7
140
7
173
64
49
7
2
15
49
7
2
15
13
4
34
44
43
3
80
49
4
1
13
7
139
7
52
64
49
7
2
15
13
7
140
7
174
64
49
7
2
15
49
7
2
15
13
4
35
44
43
3
80
49
4
1
13
7
139
7
129
64
49
7
2
15
13
7
140
7
175
64
49
7
2
15
49
7
2
15
13
4
36
44
43
3
80
49
4
1
13
7
139
7
70
64
49
7
2
15
13
7
140
7
176
64
49
7
2
15
49
7
2
15
13
4
37
44
43
3
80
49
4
1
13
7
139
7
97
64
49
7
2
15
13
7
140
7
177
64
49
7
2
15
49
7
2
15
13
4
38
44
43
3
80
49
4
1
13
7
139
7
116
64
49
7
2
15
13
7
140
7
178
64
49
7
2
15
49
7
2
15
13
4
39
44
43
3
80
49
4
1
13
7
139
7
119
64
49
7
2
15
13
7
140
7
179
64
49
7
2
15
49
7
2
15
13
4
40
44
43
3
80
49
4
1
13
7
139
7
67
64
49
7
2
15
13
7
140
7
180
64
49
7
2
15
49
7
2
15
13
4
41
44
43
3
80
49
4
1
13
7
139
7
113
64
49
7
2
15
13
7
140
7
181
64
49
7
2
15
49
7
2
15
13
4
42
44
43
3
80
49
4
1
13
7
139
7
113
64
49
7
2
15
13
7
140
7
182
64
49
7
2
15
49
7
2
15
13
4
43
44
43
3
80
49
4
1
13
7
139
7
116
64
49
7
2
15
13
7
140
7
183
64
49
7
2
15
49
7
2
15
13
4
44
44
43
3
80
49
4
1
13
7
139
7
52
64
49
7
2
15
13
7
140
7
184
64
49
7
2
15
49
7
2
15
13
4
47
44
43
3
80
49
4
1
13
7
139
7
104
64
49
7
2
15
13
7
140
7
185
64
49
7
2
15
49
7
2
15
13
4
48
44
43
3
80
49
4
1
13
7
139
7
104
64
49
7
2
15
13
7
140
7
186
64
49
7
2
15
49
7
2
15
13
4
49
44
43
3
80
49
4
1
13
7
139
7
104
64
49
7
2
15
13
7
140
7
187
64
49
7
2
15
49
7
2
15
13
4
50
44
43
3
80
49
4
1
13
7
139
7
55
64
49
7
2
15
13
7
140
7
188
64
49
7
2
15
49
7
2
15
13
4
51
44
43
3
80
49
4
1
13
7
139
7
55
64
49
7
2
15
13
7
140
7
189
64
49
7
2
15
49
7
2
15
13
4
52
44
43
3
80
49
4
1
13
7
139
7
55
64
49
7
2
15
13
7
140
7
190
64
49
7
2
15
49
7
2
15
13
4
53
44
43
3
80
49
4
1
13
7
139
7
119
64
49
7
2
15
13
7
140
7
191
64
49
7
2
15
49
7
2
15
13
4
57
44
43
3
80
49
4
1
13
7
139
7
58
64
49
7
2
15
13
7
140
7
192
64
49
7
2
15
49
7
2
15
13
4
58
44
43
3
80
49
4
1
13
7
139
7
61
64
49
7
2
15
13
7
140
7
193
64
49
7
2
15
49
7
2
15
13
4
59
44
43
3
80
49
4
1
13
7
139
7
61
64
49
7
2
15
13
7
140
7
194
64
49
7
2
15
49
7
2
15
13
4
63
44
43
3
80
49
4
1
13
7
139
7
49
64
49
7
2
15
13
7
140
7
49
64
49
7
2
15
49
7
2
15
13
4
64
44
43
3
80
49
4
1
13
7
139
7
42
64
49
7
2
15
13
7
140
7
195
64
49
7
2
15
49
7
2
15
13
4
65
44
43
3
80
49
4
1
13
7
139
7
43
64
49
7
2
15
13
7
140
7
196
64
49
7
2
15
49
7
2
15
13
4
66
44
43
3
80
49
4
1
13
7
139
7
52
64
49
7
2
15
13
7
140
7
197
64
49
7
2
15
49
7
2
15
13
4
67
44
43
3
80
49
4
1
13
7
139
7
58
64
49
7
2
15
13
7
140
7
198
64
49
7
2
15
49
7
2
15
13
4
68
44
43
3
80
49
4
1
13
7
139
7
70
64
49
7
2
15
13
7
140
7
199
64
49
7
2
15
49
7
2
15
13
4
69
44
43
3
80
49
4
1
13
7
139
7
76
64
49
7
2
15
13
7
140
7
200
64
49
7
2
15
49
7
2
15
13
4
70
44
43
3
80
49
4
1
13
7
139
7
90
64
49
7
2
15
13
7
140
7
201
64
49
7
2
15
49
7
2
15
13
4
71
44
43
3
80
49
4
1
13
7
139
7
93
64
49
7
2
15
13
7
140
7
202
64
49
7
2
15
49
7
2
15
13
4
72
44
43
3
80
49
4
1
13
7
139
7
96
64
49
7
2
15
13
7
140
7
203
64
49
7
2
15
49
7
2
15
13
4
73
44
43
3
80
49
4
1
13
7
139
7
97
64
49
7
2
15
13
7
140
7
204
64
49
7
2
15
49
7
2
15
13
4
74
44
43
3
80
49
4
1
13
7
139
7
98
64
49
7
2
15
13
7
140
7
205
64
49
7
2
15
49
7
2
15
13
4
75
44
43
3
80
49
4
1
13
7
139
7
101
64
49
7
2
15
13
7
140
7
206
64
49
7
2
15
49
7
2
15
13
4
77
44
43
3
80
49
4
1
13
7
139
7
107
64
49
7
2
15
13
7
140
7
207
64
49
7
2
15
49
7
2
15
13
4
78
44
43
3
80
49
4
1
13
7
139
7
110
64
49
7
2
15
13
7
140
7
208
64
49
7
2
15
49
7
2
15
13
4
79
44
43
3
80
49
4
1
13
7
139
7
113
64
49
7
2
15
13
7
140
7
209
64
49
7
2
15
49
7
2
15
13
4
80
44
43
3
80
49
4
1
13
7
139
7
64
64
49
7
2
15
13
7
140
7
210
64
49
7
2
15
49
7
2
15
13
4
81
44
43
3
80
49
4
1
13
7
139
7
67
64
49
7
2
15
13
7
140
7
211
64
49
7
2
15
49
7
2
15
13
4
82
44
43
3
80
49
4
1
13
7
139
7
125
64
49
7
2
15
13
7
140
7
212
64
49
7
2
15
49
7
2
15
13
4
83
44
43
3
80
49
4
1
13
7
139
7
134
64
49
7
2
15
13
7
140
7
213
64
49
7
2
15
49
7
2
15
13
4
84
44
43
3
80
49
4
1
13
7
139
7
46
64
49
7
2
15
13
7
140
7
214
64
49
7
2
15
49
7
2
15
13
4
85
44
43
3
80
49
4
1
13
7
139
7
80
64
49
7
2
15
13
7
140
7
215
64
49
7
2
15
49
7
2
15
13
4
86
44
43
3
80
49
4
1
13
7
139
7
83
64
49
7
2
15
13
7
140
7
216
64
49
7
2
15
49
7
2
15
13
4
87
44
43
3
80
49
4
1
13
7
139
7
86
64
49
7
2
15
13
7
140
7
217
64
49
7
2
15
49
7
2
15
13
4
88
44
43
3
80
49
4
1
13
7
139
7
122
64
49
7
2
15
13
7
140
7
218
64
49
7
2
15
49
7
2
15
13
4
89
44
43
3
80
49
4
1
13
7
139
7
126
64
49
7
2
15
13
7
140
7
219
64
49
7
2
15
49
7
2
15
13
4
90
44
43
3
80
49
4
1
13
7
139
7
129
64
49
7
2
15
13
7
140
7
220
64
49
7
2
15
49
7
2
15
13
4
91
44
43
3
80
49
4
1
13
7
139
7
132
64
49
7
2
15
13
7
140
7
221
64
49
7
2
15
49
7
2
15
13
4
92
44
43
3
80
49
4
1
13
7
139
7
89
64
49
7
2
15
13
7
140
7
222
64
49
7
2
15
49
7
2
15
13
4
93
44
43
3
80
49
4
1
13
7
139
7
89
64
49
7
2
15
13
7
140
7
223
64
49
7
2
15
49
7
2
15
13
4
94
44
43
3
80
49
4
1
13
7
139
7
104
64
49
7
2
15
13
7
140
7
224
64
49
7
2
15
49
7
2
15
13
4
95
44
43
3
80
49
4
1
13
7
139
7
73
64
49
7
2
15
13
7
140
7
225
64
49
7
2
15
49
7
2
15
13
4
96
44
43
3
80
49
4
1
13
7
139
7
73
64
49
7
2
15
13
7
140
7
226
64
49
7
2
15
49
7
2
15
13
4
97
44
43
3
80
49
4
1
13
7
139
7
77
64
49
7
2
15
13
7
140
7
227
64
49
7
2
15
49
7
2
15
13
4
98
44
43
3
80
49
4
1
13
7
139
7
77
64
49
7
2
15
13
7
140
7
228
64
49
7
2
15
49
7
2
15
13
4
99
44
43
3
80
49
4
1
13
7
139
7
52
64
49
7
2
15
13
7
140
7
229
64
49
7
2
15
49
7
2
15
13
4
128
44
43
3
80
49
4
1
13
7
139
7
129
64
49
7
2
15
13
7
140
7
230
64
49
7
2
15
49
7
2
15
13
4
129
44
43
3
80
49
4
1
13
7
139
7
129
64
49
7
2
15
13
7
140
7
231
64
49
7
2
15
49
7
2
15
13
4
130
44
43
3
80
49
4
1
13
7
139
7
129
64
49
7
2
15
13
7
140
7
232
64
49
7
2
15
49
7
2
15
13
4
131
44
43
3
80
49
4
1
13
7
139
7
129
64
49
7
2
15
13
7
140
7
233
64
49
7
2
15
49
7
2
15
13
4
132
44
43
3
80
49
4
1
13
7
139
7
129
64
49
7
2
15
13
7
140
7
234
64
49
7
2
15
49
7
2
15
13
4
133
44
43
3
80
49
4
1
13
7
139
7
129
64
49
7
2
15
13
7
140
7
235
64
49
7
2
15
49
7
2
15
13
4
134
44
43
3
80
49
4
1
13
7
139
7
129
64
49
7
2
15
13
7
140
7
236
64
49
7
2
15
49
7
2
15
13
4
135
44
43
3
80
49
4
1
13
7
139
7
129
64
49
7
2
15
13
7
140
7
237
64
49
7
2
15
49
7
2
15
13
4
136
44
43
3
80
49
4
1
13
7
139
7
129
64
49
7
2
15
13
7
140
7
238
64
49
7
2
15
49
7
2
15
13
4
137
44
43
3
80
49
4
1
13
7
139
7
129
64
49
7
2
15
13
7
140
7
239
64
49
7
2
15
49
7
2
15
13
4
138
44
43
3
80
49
4
1
13
7
139
7
129
64
49
7
2
15
13
7
140
7
240
64
49
7
2
15
49
7
2
15
13
4
139
44
43
3
80
49
4
1
13
7
139
7
129
64
49
7
2
15
13
7
140
7
241
64
49
7
2
15
49
7
2
15
13
4
140
44
43
3
80
49
4
1
13
7
139
7
129
64
49
7
2
15
13
7
140
7
242
64
49
7
2
15
49
7
2
15
13
4
141
44
43
3
80
49
4
1
13
7
139
7
129
64
49
7
2
15
13
7
140
7
243
64
49
7
2
15
49
7
2
15
13
4
142
44
43
3
80
49
4
1
13
7
139
7
129
64
49
7
2
15
13
7
140
7
244
64
49
7
2
15
49
7
2
15
13
4
143
44
43
3
80
49
4
1
13
7
139
7
129
64
49
7
2
15
13
7
140
7
245
64
49
7
2
15
49
7
2
15
13
4
144
44
43
3
80
49
4
1
13
7
139
7
129
64
49
7
2
15
13
7
140
7
246
64
49
7
2
15
49
7
2
15
13
4
145
44
43
3
80
49
4
1
13
7
139
7
129
64
49
7
2
15
13
7
140
7
247
64
49
7
2
15
49
7
2
15
13
4
146
44
43
3
80
49
4
1
13
7
139
7
129
64
49
7
2
15
13
7
140
7
248
64
49
7
2
15
49
7
2
15
13
4
192
44
43
3
80
49
4
1
13
7
139
7
134
64
49
7
2
15
13
7
140
7
249
64
49
7
2
15
49
7
2
15
13
4
193
44
43
3
80
49
4
1
13
7
139
7
134
64
49
7
2
15
13
7
140
7
250
64
49
7
2
15
49
7
2
15
13
4
194
44
43
3
80
49
4
1
13
7
139
7
134
64
49
7
2
15
13
7
140
7
251
64
49
7
2
15
49
7
2
15
13
4
195
44
43
3
80
49
4
1
13
7
139
7
134
64
49
7
2
15
13
7
140
7
252
64
49
7
2
15
49
7
2
15
13
4
196
44
43
3
80
49
4
1
13
7
139
7
134
64
49
7
2
15
13
7
140
7
253
64
49
7
2
15
49
7
2
15
13
4
197
44
43
3
80
49
4
1
13
7
139
7
134
64
49
7
2
15
13
7
140
7
254
64
49
7
2
15
49
7
2
15
13
4
198
44
43
3
80
49
4
1
13
7
139
7
134
64
49
7
2
15
13
7
140
7
255
64
49
7
2
15
49
7
2
15
13
4
199
44
43
3
80
49
4
1
13
7
139
7
134
64
49
7
2
15
13
7
140
7
256
64
49
7
2
15
49
7
2
15
13
4
200
44
43
3
80
49
4
1
13
7
139
7
134
64
49
7
2
15
13
7
140
7
257
64
49
7
2
15
49
7
2
15
13
4
201
44
43
3
80
49
4
1
13
7
139
7
134
64
49
7
2
15
13
7
140
7
258
64
49
7
2
15
49
7
2
15
13
4
202
44
43
3
80
49
4
1
13
7
139
7
134
64
49
7
2
15
13
7
140
7
259
64
49
7
2
15
49
7
2
15
13
4
203
44
43
3
80
49
4
1
13
7
139
7
134
64
49
7
2
15
13
7
140
7
260
64
49
7
2
15
49
7
2
15
13
4
204
44
43
3
80
49
4
1
13
7
139
7
134
64
49
7
2
15
13
7
140
7
261
64
49
7
2
15
49
7
2
15
13
4
205
44
43
3
80
49
4
1
13
7
139
7
134
64
49
7
2
15
13
7
140
7
262
64
49
7
2
15
49
7
2
15
13
4
206
44
43
3
80
49
4
1
13
7
139
7
134
64
49
7
2
15
13
7
140
7
263
64
49
7
2
15
49
7
2
15
13
4
207
44
43
3
80
49
4
1
13
7
139
7
134
64
49
7
2
15
13
7
140
7
264
64
49
7
2
15
49
7
2
15
13
4
208
44
43
3
80
49
4
1
13
7
139
7
134
64
49
7
2
15
13
7
140
7
265
64
49
7
2
15
49
7
2
15
13
4
209
44
43
3
80
49
4
1
13
7
139
7
134
64
49
7
2
15
13
7
140
7
266
64
49
7
2
15
49
7
2
15
13
4
210
44
43
3
80
49
4
1
13
7
139
7
134
64
49
7
2
15
13
7
140
7
267
64
49
7
2
15
49
7
2
15
13
4
254
44
43
3
80
49
4
1
13
7
139
7
134
64
49
7
2
15
13
7
140
7
268
64
49
7
2
15
49
7
2
15
49
137
2
15
99
7
269
7
270
65
5
49
37
4
15
99
7
271
7
272
65
5
49
37
4
8
5067
1
15
5
48
273
15
99
7
274
7
275
65
5
49
37
4
11
I
a
I
0
I
0
I
0
n
p
276
x
13
query_options
x
11
attr_reader
x
23
@@default_query_options
x
4
Hash
x
16
new_from_literal
x
2
as
x
4
hash
x
3
[]=
x
5
async
x
13
cast_booleans
x
14
symbolize_keys
x
17
database_timezone
x
5
local
x
20
application_timezone
x
10
cache_rows
x
13
connect_flags
x
16
REMEMBER_OPTIONS
n
x
13
LONG_PASSWORD
n
x
1
|
x
9
LONG_FLAG
n
x
12
TRANSACTIONS
n
x
11
PROTOCOL_41
n
x
17
SECURE_CONNECTION
n
x
4
cast
x
18
class_variable_set
x
10
initialize
M
1
n
n
x
10
initialize
i
274
23
0
10
14
44
43
0
78
49
1
1
19
0
15
65
7
2
49
3
1
49
4
0
38
5
15
39
5
20
0
49
6
1
15
5
48
7
15
7
8
7
9
35
2
56
10
50
11
0
15
5
20
0
7
12
49
13
1
13
10
65
15
7
14
64
13
18
2
47
49
15
1
15
15
20
0
7
16
49
13
1
38
17
15
39
17
13
9
95
15
39
17
78
84
18
9
118
5
45
19
20
43
21
7
22
39
17
47
101
23
63
2
47
49
24
2
8
119
1
15
5
20
0
7
25
7
26
7
27
7
28
7
29
49
30
5
36
1
47
51
31
0
15
20
0
7
32
49
13
1
19
1
15
20
0
7
33
49
13
1
19
2
15
20
0
7
34
49
13
1
13
10
177
15
7
35
64
19
3
15
20
0
7
36
49
13
1
13
10
193
15
7
37
19
4
15
20
0
7
38
49
13
1
19
5
15
20
0
7
39
49
13
1
19
6
15
20
0
7
40
49
13
1
9
244
20
0
7
40
49
13
1
39
5
7
41
49
13
1
49
42
1
8
251
39
5
7
41
49
13
1
19
7
15
5
20
1
20
2
20
3
20
4
20
5
20
6
20
7
47
49
43
7
11
I
10
I
8
I
0
I
1
n
p
44
x
4
Hash
x
16
new_from_literal
x
23
@@default_query_options
x
18
class_variable_get
x
3
dup
x
14
@query_options
x
6
merge!
x
15
init_connection
x
9
reconnect
x
15
connect_timeout
M
1
p
2
x
9
for_block
t
n
x
10
initialize
i
47
57
19
0
15
21
1
0
20
0
49
0
1
9
17
1
8
19
1
11
15
5
20
0
47
101
1
7
2
63
2
47
49
3
0
21
1
0
20
0
49
4
1
47
49
5
2
11
I
6
I
1
I
1
I
1
n
p
6
x
4
key?
x
4
to_s
s
1
=
x
6
to_sym
x
2
[]
x
4
send
p
9
I
0
I
16
I
4
I
17
I
13
I
0
I
14
I
18
I
2f
x
101
/Users/jhbabon/Code/projects/wuakitv/src/shield/vendor/bundle/gems/mysql2-0.3.11/lib/mysql2/client.rb
p
1
x
3
key
x
4
each
x
8
encoding
x
2
[]
s
4
utf8
x
13
charset_name=
x
12
read_timeout
x
13
@read_timeout
x
1
<
x
6
Mysql2
n
x
5
Error
s
52
read_timeout must be a positive integer, you passed 
x
4
to_s
x
5
raise
x
6
sslkey
x
7
sslcert
x
5
sslca
x
9
sslcapath
x
9
sslcipher
x
9
values_at
x
7
ssl_set
x
8
username
x
8
password
x
4
host
s
9
localhost
x
4
port
I
cea
x
8
database
x
6
socket
x
5
flags
x
13
connect_flags
x
1
|
x
7
connect
p
45
I
-1
I
10
I
e
I
11
I
1a
I
12
I
22
I
14
I
26
I
16
I
32
I
f2
I
33
I
1b
I
4a
I
1d
I
54
I
1e
I
61
I
1f
I
76
I
1e
I
77
I
0
I
78
I
22
I
8f
I
24
I
99
I
25
I
a3
I
26
I
b4
I
27
I
c4
I
28
I
ce
I
29
I
d8
I
2a
I
fb
I
2a
I
fe
I
2c
I
112
x
101
/Users/jhbabon/Code/projects/wuakitv/src/shield/vendor/bundle/gems/mysql2-0.3.11/lib/mysql2/client.rb
p
8
x
4
opts
x
4
user
x
4
pass
x
4
host
x
4
port
x
8
database
x
6
socket
x
5
flags
x
17
method_visibility
x
15
add_defn_method
x
21
default_query_options
M
1
n
n
x
21
default_query_options
i
7
65
7
0
49
1
1
11
I
2
I
0
I
0
I
0
n
p
2
x
23
@@default_query_options
x
18
class_variable_get
p
5
I
-1
I
2f
I
0
I
30
I
7
x
101
/Users/jhbabon/Code/projects/wuakitv/src/shield/vendor/bundle/gems/mysql2-0.3.11/lib/mysql2/client.rb
p
0
x
13
attach_method
x
8
Encoding
x
16
vm_const_defined
s
8
constant
x
11
CHARSET_MAP
s
8
armscii8
s
5
ascii
n
x
8
US_ASCII
s
4
big5
n
x
4
Big5
s
6
binary
n
x
10
ASCII_8BIT
s
6
cp1250
n
x
12
Windows_1250
s
6
cp1251
n
x
12
Windows_1251
s
6
cp1256
n
x
12
Windows_1256
s
6
cp1257
n
x
12
Windows_1257
s
5
cp850
n
x
5
CP850
s
5
cp852
n
x
5
CP852
s
5
cp866
n
x
6
IBM866
s
5
cp932
n
x
11
Windows_31J
s
4
dec8
s
7
eucjpms
n
x
8
EucJP_ms
s
5
euckr
n
x
6
EUC_KR
s
6
gb2312
n
x
6
EUC_CN
s
3
gbk
n
x
3
GBK
s
7
geostd8
s
5
greek
n
x
10
ISO_8859_7
s
6
hebrew
n
x
10
ISO_8859_8
s
3
hp8
s
7
keybcs2
s
5
koi8r
n
x
6
KOI8_R
s
5
koi8u
n
x
6
KOI8_U
s
6
latin1
n
x
10
ISO_8859_1
s
6
latin2
n
x
10
ISO_8859_2
s
6
latin5
n
x
10
ISO_8859_9
s
6
latin7
n
x
11
ISO_8859_13
s
5
macce
n
x
11
MacCentEuro
s
8
macroman
n
x
8
MacRoman
s
4
sjis
n
x
9
SHIFT_JIS
s
4
swe7
s
6
tis620
n
x
7
TIS_620
s
4
ucs2
n
x
8
UTF_16BE
s
4
ujis
n
s
4
utf8
n
x
5
UTF_8
x
9
const_set
x
17
MYSQL_CHARSET_MAP
x
4
name
x
9
collation
s
15
big5_chinese_ci
s
15
latin2_czech_cs
s
15
dec8_swedish_ci
s
16
cp850_general_ci
s
17
latin1_german1_ci
s
14
hp8_english_ci
s
16
koi8r_general_ci
s
17
latin1_swedish_ci
s
17
latin2_general_ci
s
15
swe7_swedish_ci
s
16
ascii_general_ci
s
16
ujis_japanese_ci
s
16
sjis_japanese_ci
s
19
cp1251_bulgarian_ci
s
16
latin1_danish_ci
s
17
hebrew_general_ci
s
8
filename
s
14
tis620_thai_ci
s
15
euckr_korean_ci
s
18
latin7_estonian_cs
s
19
latin2_hungarian_ci
s
16
koi8u_general_ci
s
19
cp1251_ukrainian_ci
s
17
gb2312_chinese_ci
s
16
greek_general_ci
s
17
cp1250_general_ci
s
18
latin2_croatian_ci
s
14
gbk_chinese_ci
s
20
cp1257_lithuanian_ci
s
17
latin5_turkish_ci
s
17
latin1_german2_ci
s
19
armscii8_general_ci
s
15
utf8_general_ci
s
15
cp1250_czech_cs
s
15
ucs2_general_ci
s
16
cp866_general_ci
s
18
keybcs2_general_ci
s
16
macce_general_ci
s
19
macroman_general_ci
s
16
cp852_general_ci
s
17
latin7_general_ci
s
17
latin7_general_cs
s
9
macce_bin
s
18
cp1250_croatian_ci
s
10
latin1_bin
s
17
latin1_general_ci
s
17
latin1_general_cs
s
10
cp1251_bin
s
17
cp1251_general_ci
s
17
cp1251_general_cs
s
12
macroman_bin
s
17
cp1256_general_ci
s
10
cp1257_bin
s
17
cp1257_general_ci
s
12
armscii8_bin
s
9
ascii_bin
s
10
cp1250_bin
s
10
cp1256_bin
s
9
cp866_bin
s
8
dec8_bin
s
9
greek_bin
s
10
hebrew_bin
s
7
hp8_bin
s
11
keybcs2_bin
s
9
koi8r_bin
s
9
koi8u_bin
s
10
latin2_bin
s
10
latin5_bin
s
10
latin7_bin
s
9
cp850_bin
s
9
cp852_bin
s
8
swe7_bin
s
8
utf8_bin
s
8
big5_bin
s
9
euckr_bin
s
10
gb2312_bin
s
7
gbk_bin
s
8
sjis_bin
s
10
tis620_bin
s
8
ucs2_bin
s
8
ujis_bin
s
18
geostd8_general_ci
s
11
geostd8_bin
s
17
latin1_spanish_ci
s
17
cp932_japanese_ci
s
9
cp932_bin
s
19
eucjpms_japanese_ci
s
11
eucjpms_bin
s
16
cp1250_polish_ci
s
15
ucs2_unicode_ci
s
17
ucs2_icelandic_ci
s
15
ucs2_latvian_ci
s
16
ucs2_romanian_ci
s
17
ucs2_slovenian_ci
s
14
ucs2_polish_ci
s
16
ucs2_estonian_ci
s
15
ucs2_spanish_ci
s
15
ucs2_swedish_ci
s
15
ucs2_turkish_ci
s
13
ucs2_czech_ci
s
14
ucs2_danish_ci
s
18
ucs2_lithuanian_ci
s
14
ucs2_slovak_ci
s
16
ucs2_spanish2_ci
s
13
ucs2_roman_ci
s
15
ucs2_persian_ci
s
17
ucs2_esperanto_ci
s
17
ucs2_hungarian_ci
s
15
utf8_unicode_ci
s
17
utf8_icelandic_ci
s
15
utf8_latvian_ci
s
16
utf8_romanian_ci
s
17
utf8_slovenian_ci
s
14
utf8_polish_ci
s
16
utf8_estonian_ci
s
15
utf8_spanish_ci
s
15
utf8_swedish_ci
s
15
utf8_turkish_ci
s
13
utf8_czech_ci
s
14
utf8_danish_ci
s
18
utf8_lithuanian_ci
s
14
utf8_slovak_ci
s
16
utf8_spanish2_ci
s
13
utf8_roman_ci
s
15
utf8_persian_ci
s
17
utf8_esperanto_ci
s
17
utf8_hungarian_ci
s
15
utf8_general_cs
x
21
encoding_from_charset
M
1
n
n
x
21
encoding_from_charset
i
15
45
0
1
20
0
49
2
0
49
3
0
49
4
1
11
I
3
I
1
I
1
I
1
n
p
5
x
11
CHARSET_MAP
n
x
4
to_s
x
8
downcase
x
2
[]
p
5
I
-1
I
e0
I
0
I
e1
I
f
x
101
/Users/jhbabon/Code/projects/wuakitv/src/shield/vendor/bundle/gems/mysql2-0.3.11/lib/mysql2/client.rb
p
1
x
7
charset
x
26
encoding_from_charset_code
M
1
n
n
x
26
encoding_from_charset_code
i
28
45
0
1
20
0
49
2
1
19
1
9
26
5
20
1
7
3
49
2
1
47
49
4
1
8
27
1
11
I
5
I
2
I
1
I
1
n
p
5
x
17
MYSQL_CHARSET_MAP
n
x
2
[]
x
4
name
x
21
encoding_from_charset
p
11
I
-1
I
e4
I
0
I
e5
I
c
I
e6
I
1a
I
e8
I
1b
I
0
I
1c
x
101
/Users/jhbabon/Code/projects/wuakitv/src/shield/vendor/bundle/gems/mysql2-0.3.11/lib/mysql2/client.rb
p
2
x
4
code
x
7
mapping
x
7
private
x
12
local_offset
M
1
n
n
x
12
local_offset
i
20
44
43
0
7
1
49
2
1
49
3
0
49
4
0
7
5
49
6
1
11
I
2
I
0
I
0
I
0
n
p
7
x
4
Time
I
7da
x
5
local
x
10
utc_offset
x
4
to_r
I
15180
x
1
/
p
5
I
-1
I
ee
I
0
I
ef
I
14
x
101
/Users/jhbabon/Code/projects/wuakitv/src/shield/vendor/bundle/gems/mysql2-0.3.11/lib/mysql2/client.rb
p
0
p
383
I
2
I
3
I
a
I
4
I
d
I
e
I
16
I
5
I
1f
I
6
I
27
I
7
I
2f
I
8
I
37
I
9
I
40
I
a
I
48
I
b
I
50
I
c
I
78
I
d
I
7f
I
4
I
83
I
10
I
91
I
2f
I
9c
I
34
I
b9
I
35
I
bc
I
5a
I
c5
I
36
I
ce
I
37
I
db
I
38
I
e8
I
39
I
f5
I
3a
I
102
I
3b
I
10f
I
3c
I
11c
I
3d
I
129
I
3e
I
136
I
3f
I
143
I
40
I
150
I
41
I
15d
I
42
I
166
I
43
I
173
I
44
I
180
I
45
I
18d
I
46
I
19a
I
47
I
1a3
I
48
I
1b0
I
49
I
1bd
I
4a
I
1c6
I
4b
I
1cf
I
4c
I
1dc
I
4d
I
1e9
I
4e
I
1f6
I
4f
I
203
I
50
I
210
I
51
I
21d
I
52
I
22a
I
53
I
237
I
54
I
244
I
55
I
24d
I
56
I
25a
I
57
I
267
I
58
I
274
I
59
I
284
I
5c
I
287
I
de
I
290
I
5d
I
2b1
I
5e
I
2d2
I
5f
I
2f4
I
60
I
316
I
61
I
338
I
62
I
35a
I
63
I
37c
I
64
I
39e
I
65
I
3c0
I
66
I
3e2
I
67
I
404
I
68
I
426
I
69
I
448
I
6a
I
46a
I
6b
I
48c
I
6c
I
4ae
I
6d
I
4d0
I
6e
I
4f2
I
6f
I
514
I
70
I
536
I
71
I
558
I
72
I
57a
I
73
I
59c
I
74
I
5be
I
75
I
5e0
I
76
I
602
I
77
I
624
I
78
I
646
I
79
I
668
I
7a
I
68a
I
7b
I
6ac
I
7c
I
6ce
I
7d
I
6f0
I
7e
I
712
I
7f
I
734
I
80
I
756
I
81
I
778
I
82
I
79a
I
83
I
7bc
I
84
I
7de
I
85
I
800
I
86
I
822
I
87
I
844
I
88
I
866
I
89
I
888
I
8a
I
8aa
I
8b
I
8cc
I
8c
I
8ee
I
8d
I
910
I
8e
I
932
I
8f
I
954
I
90
I
976
I
91
I
998
I
92
I
9ba
I
93
I
9dc
I
94
I
9fe
I
95
I
a20
I
96
I
a42
I
97
I
a64
I
98
I
a86
I
99
I
aa8
I
9a
I
aca
I
9b
I
aec
I
9c
I
b0e
I
9d
I
b30
I
9e
I
b52
I
9f
I
b74
I
a0
I
b96
I
a1
I
bb8
I
a2
I
bda
I
a3
I
bfc
I
a4
I
c1e
I
a5
I
c40
I
a6
I
c62
I
a7
I
c84
I
a8
I
ca6
I
a9
I
cc8
I
aa
I
cea
I
ab
I
d0c
I
ac
I
d2e
I
ad
I
d50
I
ae
I
d72
I
af
I
d94
I
b0
I
db6
I
b1
I
dd8
I
b2
I
dfa
I
b3
I
e1c
I
b4
I
e3e
I
b5
I
e60
I
b6
I
e82
I
b7
I
ea4
I
b8
I
ec6
I
b9
I
ee8
I
ba
I
f0a
I
bb
I
f2c
I
bc
I
f4e
I
bd
I
f70
I
be
I
f92
I
bf
I
fb4
I
c0
I
fd6
I
c1
I
ff8
I
c2
I
101a
I
c3
I
103c
I
c4
I
105e
I
c5
I
1080
I
c6
I
10a2
I
c7
I
10c4
I
c8
I
10e6
I
c9
I
1108
I
ca
I
112a
I
cb
I
114c
I
cc
I
116e
I
cd
I
1190
I
ce
I
11b2
I
cf
I
11d4
I
d0
I
11f6
I
d1
I
1218
I
d2
I
123a
I
d3
I
125c
I
d4
I
127e
I
d5
I
12a0
I
d6
I
12c2
I
d7
I
12e4
I
d8
I
1306
I
d9
I
1328
I
da
I
134a
I
db
I
136c
I
dc
I
138e
I
dd
I
13b3
I
e0
I
13be
I
e4
I
13ca
I
34
I
13cb
I
0
I
13cc
I
ed
I
13d0
I
ee
I
13db
x
101
/Users/jhbabon/Code/projects/wuakitv/src/shield/vendor/bundle/gems/mysql2-0.3.11/lib/mysql2/client.rb
p
0
x
13
attach_method
p
3
I
2
I
2
I
1d
x
101
/Users/jhbabon/Code/projects/wuakitv/src/shield/vendor/bundle/gems/mysql2-0.3.11/lib/mysql2/client.rb
p
0
x
13
attach_method
p
3
I
0
I
1
I
1c
x
101
/Users/jhbabon/Code/projects/wuakitv/src/shield/vendor/bundle/gems/mysql2-0.3.11/lib/mysql2/client.rb
p
0
