!RBIX
9595534255132031488
x
M
1
n
n
x
10
__script__
i
44
5
45
0
1
45
0
2
45
0
3
65
49
4
0
49
5
1
49
6
1
7
7
64
49
8
2
47
49
9
1
15
5
7
10
64
56
11
47
50
12
1
15
2
11
I
5
I
0
I
0
I
0
n
p
13
x
4
File
n
n
n
x
11
active_path
x
11
expand_path
x
7
dirname
s
11
spec_helper
x
4
join
x
7
require
s
22
eval_inspect extension
M
1
p
2
x
9
for_block
t
n
x
9
__block__
i
19
5
56
0
47
50
1
0
15
5
7
2
64
56
3
47
50
4
1
11
I
4
I
0
I
0
I
0
I
-2
p
5
M
1
p
2
x
9
for_block
t
n
x
9
__block__
i
32
45
0
1
49
2
0
49
3
0
38
4
15
39
4
7
5
56
6
50
7
1
15
39
4
7
8
56
9
50
7
1
11
I
4
I
0
I
0
I
0
I
-2
p
10
x
6
Sequel
n
x
4
mock
x
7
dataset
x
3
@ds
x
26
supports_window_functions?
M
1
p
2
x
9
for_block
t
n
x
9
__block__
i
2
2
11
I
2
I
0
I
0
I
0
I
-2
p
0
p
3
I
0
I
6
I
2
x
117
/Users/jhbabon/Code/projects/wuakitv/src/shield/vendor/bundle/gems/sequel-3.39.0/spec/extensions/eval_inspect_spec.rb
p
0
x
8
meta_def
x
19
literal_blob_append
M
1
p
2
x
9
for_block
t
n
x
9
__block__
i
27
58
37
19
0
15
37
19
1
15
15
20
0
7
0
20
1
47
101
1
7
2
63
3
49
3
1
11
I
7
I
2
I
2
I
2
n
p
4
s
2
X'
x
4
to_s
s
1
'
x
2
<<
p
3
I
0
I
7
I
1b
x
117
/Users/jhbabon/Code/projects/wuakitv/src/shield/vendor/bundle/gems/sequel-3.39.0/spec/extensions/eval_inspect_spec.rb
p
2
x
3
sql
x
1
s
p
7
I
0
I
5
I
c
I
6
I
16
I
7
I
20
x
117
/Users/jhbabon/Code/projects/wuakitv/src/shield/vendor/bundle/gems/sequel-3.39.0/spec/extensions/eval_inspect_spec.rb
p
0
x
6
before
s
79
should make eval(obj.inspect) == obj for all Sequel::SQL::Expression subclasses
M
1
p
2
x
9
for_block
t
n
x
9
__block__
i
2871
45
0
1
43
2
43
3
13
71
4
47
9
29
47
49
5
0
13
7
6
7
7
47
49
8
2
15
8
36
7
6
7
7
49
4
2
45
0
9
43
2
43
10
13
71
4
47
9
79
47
49
5
0
13
44
43
11
79
49
12
1
13
7
6
7
7
49
13
2
15
7
14
47
49
8
2
15
8
100
44
43
11
79
49
12
1
13
7
6
7
7
49
13
2
15
7
14
49
4
2
45
0
15
43
2
43
10
13
71
4
47
9
145
47
49
5
0
13
44
43
11
79
49
12
1
13
7
6
7
7
49
13
2
15
7
14
7
16
47
49
8
3
15
8
168
44
43
11
79
49
12
1
13
7
6
7
7
49
13
2
15
7
14
7
16
49
4
3
45
0
17
43
2
43
18
13
71
4
47
9
197
47
49
5
0
13
7
7
7
6
47
49
8
2
15
8
204
7
7
7
6
49
4
2
45
0
19
43
2
43
20
13
71
4
47
9
231
47
49
5
0
13
7
7
47
49
8
1
15
8
236
7
7
49
4
1
45
0
21
43
2
43
22
13
71
4
47
9
267
47
49
5
0
13
7
23
7
6
7
7
47
49
8
3
15
8
276
7
23
7
6
7
7
49
4
3
45
0
24
43
2
43
25
13
71
4
47
9
303
47
49
5
0
13
7
7
47
49
8
1
15
8
308
7
7
49
4
1
45
0
26
43
27
45
0
28
43
29
45
0
30
43
31
45
0
32
43
33
45
0
34
43
35
45
0
36
43
37
45
0
38
43
39
45
0
40
43
2
43
41
13
71
4
47
9
374
47
49
5
0
13
7
7
7
6
7
14
47
49
8
3
15
8
383
7
7
7
6
7
14
49
4
3
45
0
42
43
2
43
43
13
71
4
47
9
410
47
49
5
0
13
7
7
47
49
8
1
15
8
415
7
7
49
4
1
45
0
44
43
2
43
45
13
71
4
47
9
446
47
49
5
0
13
7
46
7
6
7
14
47
49
8
3
15
8
455
7
46
7
6
7
14
49
4
3
45
0
47
43
2
43
48
13
71
4
47
9
502
47
49
5
0
13
44
43
11
79
49
12
1
13
7
16
7
7
49
13
2
15
7
46
7
6
7
14
47
49
8
4
15
8
527
44
43
11
79
49
12
1
13
7
16
7
7
49
13
2
15
7
46
7
6
7
14
49
4
4
45
0
49
43
2
43
50
13
71
4
47
9
562
47
49
5
0
13
7
7
35
1
7
46
7
6
7
14
47
49
8
4
15
8
575
7
7
35
1
7
46
7
6
7
14
49
4
4
45
0
51
43
2
43
52
13
71
4
47
9
609
47
49
5
0
13
7
53
64
7
7
7
6
35
2
47
49
8
2
15
8
621
7
53
64
7
7
7
6
35
2
49
4
2
45
0
54
43
2
43
52
13
71
4
47
9
676
47
49
5
0
13
7
55
64
44
43
11
80
49
12
1
13
7
7
7
6
49
13
2
15
13
7
6
4
42
49
13
2
15
35
1
47
49
8
2
15
8
709
7
55
64
44
43
11
80
49
12
1
13
7
7
7
6
49
13
2
15
13
7
6
4
42
49
13
2
15
35
1
49
4
2
45
0
56
43
2
43
57
13
71
4
47
9
736
47
49
5
0
13
7
7
47
49
8
1
15
8
741
7
7
49
4
1
45
0
58
43
2
43
57
13
71
4
47
9
769
47
49
5
0
13
7
7
3
47
49
8
2
15
8
775
7
7
3
49
4
2
45
0
59
43
2
43
57
13
71
4
47
9
819
47
49
5
0
13
7
7
3
44
43
11
79
49
12
1
13
7
60
7
61
49
13
2
15
47
49
8
3
15
8
841
7
7
3
44
43
11
79
49
12
1
13
7
60
7
61
49
13
2
15
49
4
3
45
0
62
43
2
43
57
13
71
4
47
9
885
47
49
5
0
13
7
7
3
44
43
11
79
49
12
1
13
7
60
7
63
49
13
2
15
47
49
8
3
15
8
907
7
7
3
44
43
11
79
49
12
1
13
7
60
7
63
49
13
2
15
49
4
3
45
0
64
43
2
43
65
13
71
4
47
9
936
47
49
5
0
13
7
6
7
7
47
49
8
2
15
8
943
7
6
7
7
49
4
2
45
0
66
43
2
43
67
13
71
4
47
9
974
47
49
5
0
13
7
7
79
80
35
2
47
49
8
2
15
8
983
7
7
79
80
35
2
49
4
2
45
0
68
43
2
43
69
13
71
4
47
9
1033
47
49
5
0
13
44
43
11
80
49
12
1
13
7
70
7
7
49
13
2
15
13
7
71
7
6
49
13
2
15
47
49
8
1
15
8
1061
44
43
11
80
49
12
1
13
7
70
7
7
49
13
2
15
13
7
71
7
6
49
13
2
15
49
4
1
45
0
72
43
2
43
73
13
71
4
47
9
1204
47
49
5
0
13
45
0
74
43
2
43
41
13
71
4
47
9
1110
47
49
5
0
13
7
7
7
6
7
14
47
49
8
3
15
8
1119
7
7
7
6
7
14
49
4
3
45
0
75
43
2
43
69
13
71
4
47
9
1169
47
49
5
0
13
44
43
11
80
49
12
1
13
7
70
7
7
49
13
2
15
13
7
71
7
6
49
13
2
15
47
49
8
1
15
8
1197
44
43
11
80
49
12
1
13
7
70
7
7
49
13
2
15
13
7
71
7
6
49
13
2
15
49
4
1
47
49
8
2
15
8
1325
45
0
76
43
2
43
41
13
71
4
47
9
1235
47
49
5
0
13
7
7
7
6
7
14
47
49
8
3
15
8
1244
7
7
7
6
7
14
49
4
3
45
0
77
43
2
43
69
13
71
4
47
9
1294
47
49
5
0
13
44
43
11
80
49
12
1
13
7
70
7
7
49
13
2
15
13
7
71
7
6
49
13
2
15
47
49
8
1
15
8
1322
44
43
11
80
49
12
1
13
7
70
7
7
49
13
2
15
13
7
71
7
6
49
13
2
15
49
4
1
49
4
2
45
0
78
43
2
43
79
13
71
4
47
9
1352
47
49
5
0
13
7
7
47
49
8
1
15
8
1357
7
7
49
4
1
45
0
80
43
2
43
3
13
71
4
47
9
1418
47
49
5
0
13
45
0
81
43
2
43
82
13
71
4
47
9
1403
47
49
5
0
13
7
83
64
47
49
8
1
15
8
1409
7
83
64
49
4
1
7
7
47
49
8
2
15
8
1457
45
0
84
43
2
43
82
13
71
4
47
9
1446
47
49
5
0
13
7
83
64
47
49
8
1
15
8
1452
7
83
64
49
4
1
7
7
49
4
2
45
0
85
43
2
43
3
13
71
4
47
9
1516
47
49
5
0
13
45
0
86
43
87
13
71
4
47
9
1501
47
49
5
0
13
7
83
64
47
49
8
1
15
8
1507
7
83
64
49
4
1
7
7
47
49
8
2
15
8
1553
45
0
88
43
87
13
71
4
47
9
1542
47
49
5
0
13
7
83
64
47
49
8
1
15
8
1548
7
83
64
49
4
1
7
7
49
4
2
45
0
89
43
2
43
52
13
71
4
47
9
1623
47
49
5
0
13
7
90
64
45
0
91
43
2
43
92
13
71
4
47
9
1605
47
49
5
0
13
79
80
35
2
35
1
47
49
8
1
15
8
1614
79
80
35
2
35
1
49
4
1
35
1
47
49
8
2
15
8
1671
7
90
64
45
0
93
43
2
43
92
13
71
4
47
9
1657
47
49
5
0
13
79
80
35
2
35
1
47
49
8
1
15
8
1666
79
80
35
2
35
1
49
4
1
35
1
49
4
2
45
0
94
43
2
43
10
13
71
4
47
9
1760
47
49
5
0
13
44
43
11
79
49
12
1
13
44
43
11
79
49
12
1
13
7
16
45
0
95
43
87
13
71
4
47
9
1733
47
49
5
0
13
7
96
64
47
49
8
1
15
8
1739
7
96
64
49
4
1
49
13
2
15
7
7
49
13
2
15
7
14
7
16
47
49
8
3
15
8
1827
44
43
11
79
49
12
1
13
44
43
11
79
49
12
1
13
7
16
45
0
97
43
87
13
71
4
47
9
1804
47
49
5
0
13
7
96
64
47
49
8
1
15
8
1810
7
96
64
49
4
1
49
13
2
15
7
7
49
13
2
15
7
14
7
16
49
4
3
45
0
98
43
2
43
3
13
71
4
47
9
1890
47
49
5
0
13
45
99
100
13
71
4
47
9
1872
47
49
5
0
13
7
101
4
10
4
11
47
49
8
3
15
8
1881
7
101
4
10
4
11
49
4
3
7
7
47
49
8
2
15
8
1931
45
99
102
13
71
4
47
9
1917
47
49
5
0
13
7
101
4
10
4
11
47
49
8
3
15
8
1926
7
101
4
10
4
11
49
4
3
7
7
49
4
2
45
0
103
43
2
43
3
13
71
4
47
9
1974
47
49
5
0
13
45
0
104
43
105
4
10
4
20
4
30
7
106
49
107
4
7
7
47
49
8
2
15
8
1995
45
0
108
43
105
4
10
4
20
4
30
7
109
49
107
4
7
7
49
4
2
45
0
110
43
2
43
3
13
71
4
47
9
2070
47
49
5
0
13
45
111
112
13
71
4
47
9
2046
47
49
5
0
13
7
101
4
9
4
11
4
10
4
20
4
30
47
49
8
6
15
8
2061
7
101
4
9
4
11
4
10
4
20
4
30
49
4
6
7
7
47
49
8
2
15
8
2123
45
111
113
13
71
4
47
9
2103
47
49
5
0
13
7
101
4
9
4
11
4
10
4
20
4
30
47
49
8
6
15
8
2118
7
101
4
9
4
11
4
10
4
20
4
30
49
4
6
7
7
49
4
2
45
0
114
43
2
43
3
13
71
4
47
9
2202
47
49
5
0
13
45
111
115
13
71
4
47
9
2176
47
49
5
0
13
7
101
4
9
4
11
4
10
4
20
4
30
7
116
47
49
8
7
15
8
2193
7
101
4
9
4
11
4
10
4
20
4
30
7
117
49
4
7
7
7
47
49
8
2
15
8
2259
45
111
118
13
71
4
47
9
2237
47
49
5
0
13
7
101
4
9
4
11
4
10
4
20
4
30
7
119
47
49
8
7
15
8
2254
7
101
4
9
4
11
4
10
4
20
4
30
7
120
49
4
7
7
7
49
4
2
45
0
121
43
2
43
3
13
71
4
47
9
2344
47
49
5
0
13
45
111
122
13
71
4
47
9
2315
47
49
5
0
13
7
101
4
9
4
11
4
10
4
20
4
30
7
123
49
124
0
47
49
8
7
15
8
2335
7
101
4
9
4
11
4
10
4
20
4
30
7
125
49
124
0
49
4
7
7
7
47
49
8
2
15
8
2407
45
111
126
13
71
4
47
9
2382
47
49
5
0
13
7
101
4
9
4
11
4
10
4
20
4
30
7
127
49
124
0
47
49
8
7
15
8
2402
7
101
4
9
4
11
4
10
4
20
4
30
7
128
49
124
0
49
4
7
7
7
49
4
2
45
0
129
43
2
43
3
13
71
4
47
9
2452
47
49
5
0
13
45
130
131
7
101
4
9
4
11
4
10
4
20
4
30
49
132
6
7
7
47
49
8
2
15
8
2475
45
130
133
7
101
4
9
4
11
4
10
4
20
4
30
49
132
6
7
7
49
4
2
45
0
134
43
2
43
3
13
71
4
47
9
2522
47
49
5
0
13
45
130
135
7
101
4
9
4
11
4
10
4
20
4
30
7
136
49
132
7
7
7
47
49
8
2
15
8
2547
45
130
137
7
101
4
9
4
11
4
10
4
20
4
30
7
138
49
132
7
7
7
49
4
2
45
0
139
43
2
43
3
13
71
4
47
9
2592
47
49
5
0
13
45
130
140
7
101
4
9
4
11
4
10
4
20
4
30
49
141
6
7
7
47
49
8
2
15
8
2615
45
130
142
7
101
4
9
4
11
4
10
4
20
4
30
49
141
6
7
7
49
4
2
45
0
143
43
2
43
3
13
71
4
47
9
2662
47
49
5
0
13
45
130
144
7
101
4
9
4
11
4
10
4
20
4
30
7
145
49
141
7
7
7
47
49
8
2
15
8
2687
45
130
146
7
101
4
9
4
11
4
10
4
20
4
30
7
147
49
141
7
7
7
49
4
2
45
0
148
43
2
43
3
13
71
4
47
9
2744
47
49
5
0
13
45
149
150
13
71
4
47
9
2729
47
49
5
0
13
7
151
64
47
49
8
1
15
8
2735
7
151
64
49
4
1
7
7
47
49
8
2
15
8
2779
45
149
152
13
71
4
47
9
2768
47
49
5
0
13
7
151
64
47
49
8
1
15
8
2774
7
151
64
49
4
1
7
7
49
4
2
45
0
153
43
2
43
3
13
71
4
47
9
2811
47
49
5
0
13
45
0
154
43
27
7
7
47
49
8
2
15
8
2821
45
0
155
43
27
7
7
49
4
2
45
0
156
43
2
43
3
13
71
4
47
9
2853
47
49
5
0
13
45
0
157
43
29
7
7
47
49
8
2
15
8
2863
45
0
158
43
29
7
7
49
4
2
35
46
56
159
50
160
0
11
I
35
I
0
I
0
I
0
I
-2
p
161
x
6
Sequel
n
x
3
SQL
x
17
AliasedExpression
x
3
new
x
8
allocate
x
1
b
x
1
a
x
10
initialize
n
x
14
CaseExpression
x
4
Hash
x
16
new_from_literal
x
3
[]=
x
1
c
n
x
1
d
n
x
4
Cast
n
x
9
ColumnAll
n
x
17
ComplexExpression
x
1
=
n
x
8
Constant
n
x
12
CURRENT_DATE
n
x
17
CURRENT_TIMESTAMP
n
x
12
CURRENT_TIME
n
x
7
SQLTRUE
n
x
8
SQLFALSE
n
x
4
NULL
n
x
7
NOTNULL
n
x
8
Function
n
x
10
Identifier
n
x
10
JoinClause
x
5
inner
n
x
12
JoinOnClause
n
x
15
JoinUsingClause
n
x
24
PlaceholderLiteralString
s
5
? = ?
n
s
7
:a = :b
n
x
17
OrderedExpression
n
n
x
5
nulls
x
5
first
n
x
4
last
n
x
19
QualifiedIdentifier
n
x
9
Subscript
n
x
6
Window
x
5
order
x
9
partition
n
x
14
WindowFunction
n
n
n
n
n
x
7
Wrapper
n
n
x
4
Blob
s
1
s
n
n
n
x
13
LiteralString
n
n
s
11
(a, b) IN ?
n
x
9
ValueList
n
n
n
s
1
e
n
n
x
4
Date
n
I
7db
n
n
n
x
7
SQLTime
d
 +0.953674554824829101562500000000000000000000000000000000    19
x
6
create
n
d
 +0.953674554824829101562500000000000000000000000000000000    19
n
x
8
DateTime
n
n
n
n
d
 +0.500000000000000000000000000000000000000000000000000000    -1
d
 +0.500000000000000000000000000000000000000000000000000000    -1
n
d
 +0.500000000000000000000000000000000000000000000000000000    -1
d
 +0.500000000000000000000000000000000000000000000000000000    -1
n
n
d
 +0.500000000000000000000000000000000000000000000000000000    -1
x
2
-@
d
 +0.500000000000000000000000000000000000000000000000000000    -1
n
d
 +0.500000000000000000000000000000000000000000000000000000    -1
d
 +0.500000000000000000000000000000000000000000000000000000    -1
n
x
4
Time
n
x
5
local
n
n
n
d
 +0.953674554824829101562500000000000000000000000000000000    19
n
d
 +0.953674554824829101562500000000000000000000000000000000    19
n
n
x
3
utc
n
n
n
d
 +0.953674554824829101562500000000000000000000000000000000    19
n
d
 +0.953674554824829101562500000000000000000000000000000000    19
n
x
10
BigDecimal
n
s
50
1.000000000000000000000000000000000000000000000001
n
n
n
n
n
n
n
M
1
p
2
x
9
for_block
t
n
x
9
__block__
i
47
57
19
0
15
5
20
0
49
0
0
47
49
1
1
19
1
15
20
1
49
2
0
20
0
83
3
15
39
4
20
1
49
5
1
49
2
0
39
4
20
0
49
5
1
83
3
11
I
6
I
2
I
1
I
1
n
p
6
x
7
inspect
x
4
eval
x
6
should
x
2
==
x
3
@ds
x
7
literal
p
11
I
0
I
d
I
1
I
3d
I
4
I
3e
I
11
I
3f
I
1b
I
40
I
2f
x
117
/Users/jhbabon/Code/projects/wuakitv/src/shield/vendor/bundle/gems/sequel-3.39.0/spec/extensions/eval_inspect_spec.rb
p
2
x
1
o
x
1
v
x
4
each
p
95
I
0
I
d
I
24
I
e
I
64
I
f
I
a8
I
10
I
cc
I
11
I
ec
I
12
I
114
I
13
I
134
I
14
I
139
I
15
I
13e
I
16
I
143
I
17
I
148
I
18
I
14d
I
19
I
152
I
1a
I
157
I
1b
I
17f
I
1c
I
19f
I
1d
I
1c7
I
1e
I
20f
I
1f
I
23f
I
20
I
26d
I
21
I
2c5
I
22
I
2e5
I
23
I
307
I
24
I
349
I
25
I
38b
I
26
I
3af
I
27
I
3d7
I
28
I
425
I
29
I
52d
I
2a
I
54d
I
2d
I
5b1
I
2e
I
611
I
2f
I
687
I
30
I
723
I
31
I
78b
I
32
I
7cb
I
33
I
84b
I
34
I
8d3
I
35
I
967
I
36
I
9ab
I
37
I
9f3
I
38
I
a37
I
39
I
a7f
I
3a
I
adb
I
3b
I
b05
I
3c
I
b31
I
d
I
b37
x
117
/Users/jhbabon/Code/projects/wuakitv/src/shield/vendor/bundle/gems/sequel-3.39.0/spec/extensions/eval_inspect_spec.rb
p
0
x
7
specify
p
5
I
0
I
4
I
8
I
a
I
13
x
117
/Users/jhbabon/Code/projects/wuakitv/src/shield/vendor/bundle/gems/sequel-3.39.0/spec/extensions/eval_inspect_spec.rb
p
0
x
8
describe
p
5
I
0
I
1
I
1f
I
3
I
2c
x
117
/Users/jhbabon/Code/projects/wuakitv/src/shield/vendor/bundle/gems/sequel-3.39.0/spec/extensions/eval_inspect_spec.rb
p
0
